0 0.120192 0.081731 0.125000 0.158654
0 0.074519 0.231971 0.134615 0.252404
0 0.058894 0.493990 0.112981 0.247596
0 0.079327 0.740385 0.129808 0.230769
0 0.075721 0.924279 0.117788 0.151442
0 0.198317 0.913462 0.132212 0.173077
0 0.194712 0.730769 0.134615 0.245192
0 0.183894 0.503606 0.137019 0.223558
0 0.187500 0.287260 0.139423 0.223558
0 0.230769 0.070913 0.110577 0.137019
0 0.319712 0.074519 0.086538 0.144231
0 0.318510 0.216346 0.180288 0.201923
0 0.415865 0.393029 0.149038 0.185096
0 0.587740 0.376202 0.146635 0.252404
0 0.466346 0.204327 0.139423 0.216346
0 0.403846 0.062500 0.120192 0.120192
0 0.522837 0.110577 0.108173 0.216346
0 0.316106 0.456731 0.156250 0.240385
0 0.433894 0.572115 0.146635 0.201923
0 0.324519 0.677885 0.139423 0.240385
0 0.450721 0.775240 0.161058 0.194712
0 0.694712 0.867788 0.158654 0.235577
0 0.929087 0.843750 0.141827 0.269231
0 0.703125 0.497596 0.132212 0.245192
